   1.0000000e+01   6.0000000e+00   3.2472000e+01   1.4000000e+01   1.6000000e+01   3.1800000e+01
   1.0000000e+01   6.0000000e+00   3.2472000e+01   1.4000000e+01   1.6000000e+01   3.1800000e+01
   1.0000000e+01   6.0000000e+00   3.2472000e+01   1.4000000e+01   1.6000000e+01   3.1800000e+01
   1.0000000e+01   6.0000000e+00   3.2472000e+01   1.4000000e+01   1.6000000e+01   3.1800000e+01
   1.0000000e+01   6.0000000e+00   3.2472000e+01   1.4000000e+01   1.6000000e+01   3.1800000e+01
   1.0000000e+01   6.0000000e+00   3.2472000e+01   1.4000000e+01   1.6000000e+01   3.1800000e+01
   1.0000000e+01   6.0000000e+00   3.2472000e+01   1.4000000e+01   1.6000000e+01   3.1800000e+01
   1.0000000e+01   6.0000000e+00   3.2472000e+01   1.4000000e+01   1.6000000e+01   3.1800000e+01
   1.0000000e+01   6.0000000e+00   3.2472000e+01   1.4000000e+01   1.6000000e+01   3.1800000e+01
   1.0000000e+01   6.0000000e+00   3.2472000e+01   1.4000000e+01   1.6000000e+01   3.1800000e+01
   1.0000000e+01   6.0000000e+00   3.2472000e+01   1.4000000e+01   1.6000000e+01   3.1800000e+01
   1.0000000e+01   6.0000000e+00   3.2472000e+01   1.4000000e+01   1.6000000e+01   3.1800000e+01
   1.0000000e+01   6.0000000e+00   3.2472000e+01   1.4000000e+01   1.6000000e+01   3.1800000e+01
   1.0000000e+01   6.0000000e+00   3.2472000e+01   1.4000000e+01   1.6000000e+01   3.1800000e+01
   1.0000000e+01   6.0000000e+00   3.2472000e+01   1.4000000e+01   1.6000000e+01   3.1800000e+01
   1.0000000e+01   6.0000000e+00   3.2472000e+01   1.4000000e+01   1.6000000e+01   3.1800000e+01
   1.0000000e+01   6.0000000e+00   3.2472000e+01   1.4000000e+01   1.6000000e+01   3.1800000e+01
   1.0000000e+01   6.0000000e+00   3.2472000e+01   1.4000000e+01   1.6000000e+01   3.1800000e+01
   1.0000000e+01   6.0000000e+00   3.2472000e+01   1.4000000e+01   1.6000000e+01   3.1800000e+01
   1.0000000e+01   6.0000000e+00   3.2472000e+01   1.4000000e+01   1.6000000e+01   3.1800000e+01
   1.0000000e+01   6.0000000e+00   3.2472000e+01   1.4000000e+01   1.6000000e+01   3.1800000e+01
   1.0000000e+01   6.0000000e+00   3.2472000e+01   1.4000000e+01   1.6000000e+01   3.1800000e+01
   1.0000000e+01   6.0000000e+00   3.2472000e+01   1.4000000e+01   1.6000000e+01   3.1800000e+01
   1.0000000e+01   6.0000000e+00   3.2472000e+01   1.4000000e+01   1.6000000e+01   3.1800000e+01
   1.0000000e+01   6.0000000e+00   3.2472000e+01   1.4000000e+01   1.6000000e+01   3.1800000e+01
   1.0000000e+01   6.0000000e+00   3.2472000e+01   1.4000000e+01   1.6000000e+01   3.1800000e+01
   1.0000000e+01   6.0000000e+00   3.2472000e+01   1.4000000e+01   1.6000000e+01   3.1800000e+01
   1.0000000e+01   6.0000000e+00   3.2472000e+01   1.4000000e+01   1.6000000e+01   3.1800000e+01
   1.0000000e+01   6.0000000e+00   3.2472000e+01   1.4000000e+01   1.6000000e+01   3.1800000e+01
   1.0000000e+01   6.0000000e+00   3.2472000e+01   1.4000000e+01   1.6000000e+01   3.1800000e+01
   1.0000000e+01   6.0000000e+00   3.2472000e+01   1.4000000e+01   1.6000000e+01   3.1800000e+01
   1.0000000e+01   6.0000000e+00   3.2472000e+01   1.4000000e+01   1.6000000e+01   3.1800000e+01
   1.0000000e+01   6.0000000e+00   3.2472000e+01   1.4000000e+01   1.6000000e+01   3.1800000e+01
   1.0000000e+01   6.0000000e+00   3.2472000e+01   1.4000000e+01   1.6000000e+01   3.1800000e+01
   1.0000000e+01   6.0000000e+00   3.2472000e+01   1.4000000e+01   1.6000000e+01   3.1800000e+01
   1.0000000e+01   6.0000000e+00   3.2472000e+01   1.4000000e+01   1.6000000e+01   3.1800000e+01
   1.0000000e+01   6.0000000e+00   3.2472000e+01   1.4000000e+01   1.6000000e+01   3.1800000e+01
   1.0000000e+01   6.0000000e+00   3.2472000e+01   1.4000000e+01   1.6000000e+01   3.1800000e+01
   1.0000000e+01   6.0000000e+00   3.2472000e+01   1.4000000e+01   1.6000000e+01   3.1800000e+01
   1.0000000e+01   6.0000000e+00   3.2472000e+01   1.4000000e+01   1.6000000e+01   3.1800000e+01
   1.0000000e+01   6.0000000e+00   3.2472000e+01   1.4000000e+01   1.6000000e+01   3.1800000e+01
   1.0000000e+01   6.0000000e+00   3.2472000e+01   1.4000000e+01   1.6000000e+01   3.1800000e+01
   1.0000000e+01   6.0000000e+00   3.2472000e+01   1.4000000e+01   1.6000000e+01   3.1800000e+01
   1.0000000e+01   6.0000000e+00   3.2472000e+01   1.4000000e+01   1.6000000e+01   3.1800000e+01
   1.0000000e+01   6.0000000e+00   3.2472000e+01   1.4000000e+01   1.6000000e+01   3.1800000e+01
   1.0000000e+01   6.0000000e+00   3.2472000e+01   1.4000000e+01   1.6000000e+01   3.1800000e+01
   1.0000000e+01   6.0000000e+00   3.2472000e+01   1.4000000e+01   1.6000000e+01   3.1800000e+01
   1.0000000e+01   6.0000000e+00   3.2472000e+01   1.4000000e+01   1.6000000e+01   3.1800000e+01
   1.0000000e+01   6.0000000e+00   3.2472000e+01   1.4000000e+01   1.6000000e+01   3.1800000e+01
   1.0000000e+01   6.0000000e+00   3.2472000e+01   1.4000000e+01   1.6000000e+01   3.1800000e+01
   1.0000000e+01   6.0000000e+00   3.2472000e+01   1.4000000e+01   1.6000000e+01   3.1800000e+01
   1.0000000e+01   6.0000000e+00   3.2472000e+01   1.4000000e+01   1.6000000e+01   3.1800000e+01
   1.0000000e+01   6.0000000e+00   3.2472000e+01   1.4000000e+01   1.6000000e+01   3.1800000e+01
   1.0000000e+01   6.0000000e+00   3.2472000e+01   1.4000000e+01   1.6000000e+01   3.1800000e+01
   1.0000000e+01   6.0000000e+00   3.2472000e+01   1.4000000e+01   1.6000000e+01   3.1800000e+01
   1.0000000e+01   6.0000000e+00   3.2472000e+01   1.4000000e+01   1.6000000e+01   3.1800000e+01
   1.0000000e+01   6.0000000e+00   3.2472000e+01   1.4000000e+01   1.6000000e+01   3.1800000e+01
   1.0000000e+01   6.0000000e+00   3.2472000e+01   1.4000000e+01   1.6000000e+01   3.1800000e+01
   1.0000000e+01   6.0000000e+00   3.2472000e+01   1.4000000e+01   1.6000000e+01   3.1800000e+01
   1.0000000e+01   6.0000000e+00   3.2472000e+01   1.4000000e+01   1.6000000e+01   3.1800000e+01
   1.0000000e+01   6.0000000e+00   3.2472000e+01   1.4000000e+01   1.6000000e+01   3.1800000e+01
   1.0000000e+01   6.0000000e+00   3.2472000e+01   1.4000000e+01   1.6000000e+01   3.1800000e+01
   1.0000000e+01   6.0000000e+00   3.2472000e+01   1.4000000e+01   1.6000000e+01   3.1800000e+01
   1.0000000e+01   6.0000000e+00   3.2472000e+01   1.4000000e+01   1.6000000e+01   3.1800000e+01
   1.0000000e+01   6.0000000e+00   3.2472000e+01   1.4000000e+01   1.6000000e+01   3.1800000e+01
   1.0000000e+01   6.0000000e+00   3.2472000e+01   1.4000000e+01   1.6000000e+01   3.1800000e+01
   1.0000000e+01   6.0000000e+00   3.2472000e+01   1.4000000e+01   1.6000000e+01   3.1800000e+01
   1.0000000e+01   6.0000000e+00   3.2472000e+01   1.4000000e+01   1.6000000e+01   3.1800000e+01
   1.0000000e+01   6.0000000e+00   3.2472000e+01   1.4000000e+01   1.6000000e+01   3.1800000e+01
   1.0000000e+01   6.0000000e+00   3.2472000e+01   1.4000000e+01   1.6000000e+01   3.1800000e+01
   1.0000000e+01   6.0000000e+00   3.2472000e+01   1.4000000e+01   1.6000000e+01   3.1800000e+01
   1.0000000e+01   6.0000000e+00   3.2472000e+01   1.4000000e+01   1.6000000e+01   3.1800000e+01
   1.0000000e+01   6.0000000e+00   3.2472000e+01   1.4000000e+01   1.6000000e+01   3.1800000e+01
   1.0000000e+01   6.0000000e+00   3.2472000e+01   1.4000000e+01   1.6000000e+01   3.1800000e+01
   1.0000000e+01   6.0000000e+00   3.2472000e+01   1.4000000e+01   1.6000000e+01   3.1800000e+01
   1.0000000e+01   6.0000000e+00   3.2472000e+01   1.4000000e+01   1.6000000e+01   3.1800000e+01
   1.0000000e+01   6.0000000e+00   3.2472000e+01   1.4000000e+01   1.6000000e+01   3.1800000e+01
   1.0000000e+01   6.0000000e+00   3.2472000e+01   1.4000000e+01   1.6000000e+01   3.1800000e+01
   1.0000000e+01   6.0000000e+00   3.2472000e+01   1.4000000e+01   1.6000000e+01   3.1800000e+01
   1.0000000e+01   6.0000000e+00   3.2472000e+01   1.4000000e+01   1.6000000e+01   3.1800000e+01
   1.0000000e+01   6.0000000e+00   3.2472000e+01   1.4000000e+01   1.6000000e+01   3.1800000e+01
   1.0000000e+01   6.0000000e+00   3.2472000e+01   1.4000000e+01   1.6000000e+01   3.1800000e+01
   1.0000000e+01   6.0000000e+00   3.2472000e+01   1.4000000e+01   1.6000000e+01   3.1800000e+01
   1.0000000e+01   6.0000000e+00   3.2472000e+01   1.4000000e+01   1.6000000e+01   3.1800000e+01
   1.0000000e+01   6.0000000e+00   3.2472000e+01   1.4000000e+01   1.6000000e+01   3.1800000e+01
   1.0000000e+01   6.0000000e+00   3.2472000e+01   1.4000000e+01   1.6000000e+01   3.1800000e+01
   1.0000000e+01   6.0000000e+00   3.2472000e+01   1.4000000e+01   1.6000000e+01   3.1800000e+01
   1.0000000e+01   6.0000000e+00   3.2472000e+01   1.4000000e+01   1.6000000e+01   3.1800000e+01
   1.0000000e+01   6.0000000e+00   3.2472000e+01   1.4000000e+01   1.6000000e+01   3.1800000e+01
